Channel 1,Channel 2,Channel 3,Channel 4,Channel 5,Channel 6,Channel 7,Channel 8
96,1000,5,377,0,0,0,4
101,1000,5,382,0,0,0,3
105,1000,5,387,0,0,0,3
111,1000,5,392,0,0,0,4
116,1000,5,397,0,0,0,4
120,1000,5,402,0,0,0,4
127,1000,5,407,0,0,0,4
133,1000,5,412,0,0,0,4
137,1000,5,417,0,0,0,4
144,1000,5,422,0,0,0,4
149,1000,5,427,0,0,0,4
154,1000,5,432,0,0,0,4
161,1000,5,437,0,0,0,4
167,1000,5,442,0,0,0,5
172,1000,5,447,0,0,0,4
179,1000,5,452,0,0,0,5
186,1000,5,457,0,0,0,5
191,1000,5,462,0,0,0,4
198,1000,5,467,0,0,0,5
205,1000,5,472,0,0,0,5
211,1000,5,477,0,0,0,4
218,1000,5,482,0,0,0,6
225,1000,5,487,0,0,0,5
232,1000,5,492,0,0,0,5
239,1000,5,497,0,0,0,5
247,1000,5,502,0,0,0,5
254,1000,5,507,0,0,0,6
260,1000,5,512,0,0,0,5
268,1000,5,517,0,0,0,5
277,1000,5,522,0,0,0,6
283,1000,5,527,0,0,0,5
292,1000,5,532,0,0,0,6
300,1000,5,537,0,0,0,6
308,1000,5,542,0,0,0,6
315,1000,5,547,0,0,0,6
324,1000,5,552,0,0,0,6
331,1000,5,557,0,0,0,6
340,1000,5,562,0,0,0,6
349,1000,5,567,0,0,0,6
357,1000,5,572,0,0,0,6
366,1000,5,577,0,0,0,7
374,1000,5,582,0,0,0,6
384,1000,5,587,0,0,0,6
392,1000,5,592,0,0,0,7
402,1000,5,597,0,0,0,7
411,1000,5,602,0,0,0,6
419,1000,5,607,0,0,0,7
430,1000,5,612,0,0,0,7
438,1000,5,617,0,0,0,7
449,1000,5,622,0,0,0,7
457,1000,5,627,0,0,0,7
468,1000,5,632,0,0,0,7
478,1000,5,637,0,0,0,7
487,1000,5,642,0,0,0,8
498,1000,5,647,0,0,0,7
508,1000,5,652,0,0,0,7
518,1000,5,657,0,0,0,8
528,1000,5,662,0,0,0,7
539,1000,5,667,0,0,0,8
550,1000,5,672,0,0,0,7
559,1000,5,677,0,0,0,9
571,1000,5,682,0,0,0,7
581,1000,5,687,0,0,0,8
592,1000,5,692,0,0,0,8
604,1000,5,697,0,0,0,8
615,1000,5,702,0,0,0,8
626,1000,5,707,0,0,0,9
637,1000,5,712,0,0,0,8
649,1000,5,717,0,0,0,8
660,1000,5,722,0,0,0,9
672,1000,5,727,0,0,0,8
683,1000,5,732,0,0,0,9
695,1000,5,737,0,0,0,8
707,1000,5,742,0,0,0,9
720,1000,5,747,0,0,0,9
732,1000,5,752,0,0,0,9
744,1000,5,757,0,0,0,8
755,1000,5,762,0,0,0,10
768,1000,5,767,0,0,0,9
781,1000,5,772,0,0,0,9
793,1000,5,777,0,0,0,9
806,1000,5,782,0,0,0,9
819,1000,5,787,0,0,0,10
831,1000,5,792,0,0,0,9
844,1000,5,797,0,0,0,10
858,1000,5,802,0,0,0,9
870,1000,5,807,0,0,0,10
884,1000,5,812,0,0,0,9
897,1000,5,817,0,0,0,10
911,1000,5,822,0,0,0,10
925,1000,5,827,0,0,0,10
938,1000,5,832,0,0,0,10
952,1000,5,837,0,0,0,10
965,1000,5,842,0,0,0,10
979,1000,5,847,0,0,0,10
994,1000,5,852,0,0,0,11
1008,1000,5,857,0,0,0,10
1021,1000,5,862,0,0,0,11
1036,1000,5,867,0,0,0,10
1051,1000,5,872,0,0,0,10
1066,1000,5,877,0,0,0,11
1080,1000,5,882,0,0,0,11
1094,1000,5,887,0,0,0,11
1109,1000,5,892,0,0,0,11
1124,1000,5,897,0,0,0,10
1139,1000,5,902,0,0,0,11
1154,1000,5,907,0,0,0,11
1169,1000,5,912,0,0,0,11
1185,1000,5,917,0,0,0,12
1200,1000,5,922,0,0,0,11
1215,1000,5,927,0,0,0,11
1232,1000,5,932,0,0,0,12
1247,1000,5,937,0,0,0,11
1263,1000,5,942,0,0,0,12
1279,1000,5,947,0,0,0,11
1294,1000,5,952,0,0,0,12
1310,1000,5,957,0,0,0,12
1327,1000,5,962,0,0,0,12
1343,1000,5,967,0,0,0,12
1359,1000,5,972,0,0,0,12
1376,1000,5,977,0,0,0,12
1392,1000,5,982,0,0,0,12
1410,1000,5,987,0,0,0,12
1426,1000,5,992,0,0,0,12
1442,1000,5,997,0,0,0,13
1460,1000,5,1002,0,0,0,12
1476,1000,5,1007,0,0,0,12
1494,1000,5,1012,0,0,0,13
1512,1000,5,1017,0,0,0,12
1529,1000,5,1022,0,0,0,13
1545,1000,5,1027,0,0,0,13
1563,1000,5,1032,0,0,0,13
1581,1000,5,1037,0,0,0,13
1598,1000,5,1042,0,0,0,13
1616,1000,5,1047,0,0,0,13
1635,1000,5,1052,0,0,0,13
1653,1000,5,1057,0,0,0,13
1670,1000,5,1062,0,0,0,13
1689,1000,5,1067,0,0,0,14
1707,1000,5,1072,0,0,0,13
1726,1000,5,1077,0,0,0,14
1744,1000,5,1082,0,0,0,13
1763,1000,5,1087,0,0,0,14
1782,1000,5,1092,0,0,0,14
1800,1000,5,1097,0,0,0,13
1819,1000,5,1102,0,0,0,14
1838,1000,5,1107,0,0,0,14
1858,1000,5,1112,0,0,0,14
1877,1000,5,1117,0,0,0,14
1896,1000,5,1122,0,0,0,14
1915,1000,5,1127,0,0,0,14
1934,1000,5,1132,0,0,0,14
1954,1000,5,1137,0,0,0,15
1973,1000,5,1142,0,0,0,14
1994,1000,5,1147,0,0,0,15
2013,1000,5,1152,0,0,0,14
2033,1000,5,1157,0,0,0,15
2054,1000,5,1162,0,0,0,15
2074,1000,5,1167,0,0,0,14
2094,1000,5,1172,0,0,0,15
2115,1000,5,1177,0,0,0,15
2135,1000,5,1182,0,0,0,15
2155,1000,5,1187,0,0,0,15
2176,1000,5,1192,0,0,0,15
2198,1000,5,1197,0,0,0,16
2218,1000,5,1202,0,0,0,15
2238,1000,5,1207,0,0,0,15
2260,1000,5,1212,0,0,0,16
2282,1000,5,1217,0,0,0,15
2302,1000,5,1222,0,0,0,16
2324,1000,5,1227,0,0,0,15
2346,1000,5,1232,0,0,0,16
2366,1000,5,1237,0,0,0,16
2389,1000,5,1242,0,0,0,16
2411,1000,5,1247,0,0,0,16
2431,1000,5,1252,0,0,0,15
2454,1000,5,1257,0,0,0,16
2476,1000,5,1262,0,0,0,17
2498,1000,5,1267,0,0,0,16
2521,1000,5,1272,0,0,0,16
2543,1000,5,1277,0,0,0,16
2566,1000,5,1282,0,0,0,17
2587,1000,5,1287,0,0,0,16
2611,1000,5,1292,0,0,0,17
2634,1000,5,1297,0,0,0,17
2657,1000,5,1302,0,0,0,16
2678,1000,5,1307,0,0,0,17
2702,1000,5,1312,0,0,0,17
2725,1000,5,1317,0,0,0,17
2748,1000,5,1322,0,0,0,17
2771,1000,5,1327,0,0,0,17
2795,1000,5,1332,0,0,0,17
2818,1000,5,1337,0,0,0,17
2841,1000,5,1342,0,0,0,17
2866,1000,5,1347,0,0,0,18
2889,1000,5,1352,0,0,0,17
2913,1000,5,1357,0,0,0,18
2938,1000,5,1362,0,0,0,17
2961,1000,5,1367,0,0,0,18
2985,1000,5,1372,0,0,0,17
3010,1000,5,1377,0,0,0,19
3034,1000,5,1382,0,0,0,17
3059,1000,5,1387,0,0,0,18
3083,1000,5,1392,0,0,0,18
3108,1000,5,1397,0,0,0,18
3134,1000,5,1402,0,0,0,19
3158,1000,5,1407,0,0,0,18
3184,1000,5,1412,0,0,0,18
3208,1000,5,1417,0,0,0,18
3233,1000,5,1422,0,0,0,19
3259,1000,5,1427,0,0,0,18
3284,1000,5,1432,0,0,0,19
3310,1000,5,1437,0,0,0,19
3335,1000,5,1442,0,0,0,18
3360,1000,5,1447,0,0,0,19
3386,1000,5,1452,0,0,0,19
3412,1000,5,1457,0,0,0,19
3438,1000,5,1462,0,0,0,19
3465,1000,5,1467,0,0,0,19
3491,1000,5,1472,0,0,0,19
3517,1000,5,1477,0,0,0,19
3544,1000,5,1482,0,0,0,20
3570,1000,5,1487,0,0,0,19
3597,1000,5,1492,0,0,0,20
3623,1000,5,1497,0,0,0,20
3650,1000,5,1502,0,0,0,19
3677,1000,5,1507,0,0,0,20
3703,1000,5,1512,0,0,0,19
3731,1000,5,1517,0,0,0,21
3757,1000,5,1522,0,0,0,19
3786,1000,5,1527,0,0,0,20
3813,1000,5,1532,0,0,0,20
3840,1000,5,1537,0,0,0,21
3867,1000,5,1542,0,0,0,20
3896,1000,5,1547,0,0,0,20
3923,1000,5,1552,0,0,0,21
3950,1000,5,1557,0,0,0,20
3979,1000,5,1562,0,0,0,21
4007,1000,5,1567,0,0,0,20
4036,1000,5,1572,0,0,0,21
4063,1000,5,1577,0,0,0,21
4091,1000,5,1582,0,0,0,20
4120,1000,5,1587,0,0,0,21
4148,1000,5,1592,0,0,0,21
4177,1000,5,1597,0,0,0,21
4205,1000,5,1602,0,0,0,21
4234,1000,5,1607,0,0,0,21
4264,1000,5,1612,0,0,0,21
4292,1000,5,1617,0,0,0,22
4321,1000,5,1622,0,0,0,21
4351,1000,5,1627,0,0,0,22
4381,1000,5,1632,0,0,0,21
4409,1000,5,1637,0,0,0,21
4439,1000,5,1642,0,0,0,22
4469,1000,5,1647,0,0,0,22
4499,1000,5,1652,0,0,0,22
4529,1000,5,1657,0,0,0,22
4559,1000,5,1662,0,0,0,22
4588,1000,5,1667,0,0,0,21
4618,1000,5,1672,0,0,0,23
4648,1000,5,1677,0,0,0,22
4678,1000,5,1682,0,0,0,22
4709,1000,5,1687,0,0,0,22
4739,1000,5,1692,0,0,0,23
4771,1000,5,1697,0,0,0,22
4800,1000,5,1702,0,0,0,23
4832,1000,5,1707,0,0,0,22
4863,1000,5,1712,0,0,0,23
4894,1000,5,1717,0,0,0,23
4924,1000,5,1722,0,0,0,22
4955,1000,5,1727,0,0,0,23
4988,1000,5,1732,0,0,0,23
5019,1000,5,1737,0,0,0,23
5050,1000,5,1742,0,0,0,23
5082,1000,5,1747,0,0,0,23
5113,1000,5,1752,0,0,0,24
5145,1000,5,1757,0,0,0,23
5177,1000,5,1762,0,0,0,23
5209,1000,5,1767,0,0,0,24
5241,1000,5,1772,0,0,0,23
5273,1000,5,1777,0,0,0,24
5306,1000,5,1782,0,0,0,24
5338,1000,5,1787,0,0,0,23
5371,1000,5,1792,0,0,0,24
5402,1000,5,1797,0,0,0,24
5435,1000,5,1802,0,0,0,24
5469,1000,5,1807,0,0,0,24
5501,1000,5,1812,0,0,0,24
5534,1000,5,1817,0,0,0,24
5568,1000,5,1822,0,0,0,24
5601,1000,5,1827,0,0,0,25
5633,1000,5,1832,0,0,0,24
5667,1000,5,1837,0,0,0,24
5700,1000,5,1842,0,0,0,25
5734,1000,5,1847,0,0,0,25
5768,1000,5,1852,0,0,0,24
5802,1000,5,1857,0,0,0,25
5836,1000,5,1862,0,0,0,25
5870,1000,5,1867,0,0,0,24
5904,1000,5,1872,0,0,0,25
5937,1000,5,1877,0,0,0,25
5971,1000,5,1882,0,0,0,25
6005,1000,5,1887,0,0,0,26
6039,1000,5,1892,0,0,0,25
6075,1000,5,1897,0,0,0,25
6109,1000,5,1902,0,0,0,26
6144,1000,5,1907,0,0,0,25
6178,1000,5,1912,0,0,0,26
6213,1000,5,1917,0,0,0,25
6249,1000,5,1922,0,0,0,26
6284,1000,5,1927,0,0,0,26
6319,1000,5,1932,0,0,0,25
6355,1000,5,1937,0,0,0,26
6390,1000,5,1942,0,0,0,26
6425,1000,5,1947,0,0,0,26
6460,1000,5,1952,0,0,0,26
6496,1000,5,1957,0,0,0,26
6532,1000,5,1962,0,0,0,27
6568,1000,5,1967,0,0,0,26
6603,1000,5,1972,0,0,0,26
6640,1000,5,1977,0,0,0,27
6676,1000,5,1982,0,0,0,26
6712,1000,5,1987,0,0,0,27
6748,1000,5,1992,0,0,0,26
6785,1000,5,1997,0,0,0,27
6822,1000,5,2002,0,0,0,27
6859,1000,5,2007,0,0,0,26
6895,1000,5,2012,0,0,0,27
6932,1000,5,2017,0,0,0,27
6969,1000,5,2022,0,0,0,27
7007,1000,5,2027,0,0,0,28
7043,1000,5,2032,0,0,0,27
7080,1000,5,2037,0,0,0,27
7118,1000,5,2042,0,0,0,28
7156,1000,5,2047,0,0,0,27
7193,1000,5,2052,0,0,0,27
7231,1000,5,2057,0,0,0,28
7269,1000,5,2062,0,0,0,28
7307,1000,5,2067,0,0,0,27
7344,1000,5,2072,0,0,0,28
7382,1000,5,2077,0,0,0,28
7421,1000,5,2082,0,0,0,28
7459,1000,5,2087,0,0,0,28
7497,1000,5,2092,0,0,0,28
7535,1000,5,2097,0,0,0,28
7574,1000,5,2102,0,0,0,28
7612,1000,5,2107,0,0,0,29
7652,1000,5,2112,0,0,0,28
7690,1000,5,2117,0,0,0,29
7729,1000,5,2122,0,0,0,28
7769,1000,5,2127,0,0,0,29
7808,1000,5,2132,0,0,0,28
7848,1000,5,2137,0,0,0,29
7887,1000,5,2142,0,0,0,29
7925,1000,5,2147,0,0,0,29
7966,1000,5,2152,0,0,0,29
8005,1000,5,2157,0,0,0,29
8044,1000,5,2162,0,0,0,29
8084,1000,5,2167,0,0,0,29
8125,1000,5,2172,0,0,0,29
8165,1000,5,2177,0,0,0,30
8205,1000,5,2182,0,0,0,29
8244,1000,5,2187,0,0,0,29
8285,1000,5,2192,0,0,0,30
8326,1000,5,2197,0,0,0,30
8366,1000,5,2202,0,0,0,29
8407,1000,5,2207,0,0,0,30
8448,1000,5,2212,0,0,0,30
8489,1000,5,2217,0,0,0,30
8529,1000,5,2222,0,0,0,29
8570,1000,5,2227,0,0,0,31
8611,1000,5,2232,0,0,0,30
8653,1000,5,2237,0,0,0,30
8694,1000,5,2242,0,0,0,30
8736,1000,5,2247,0,0,0,31
8777,1000,5,2252,0,0,0,30
8819,1000,5,2257,0,0,0,30
8861,1000,5,2262,0,0,0,31
8903,1000,5,2267,0,0,0,30
8944,1000,5,2272,0,0,0,31
8986,1000,5,2277,0,0,0,31
9028,1000,5,2282,0,0,0,31
9070,1000,5,2287,0,0,0,31
9112,1000,5,2292,0,0,0,30
9156,1000,5,2297,0,0,0,32
9198,1000,5,2302,0,0,0,31
9241,1000,5,2307,0,0,0,31
9283,1000,5,2312,0,0,0,31
9326,1000,5,2317,0,0,0,31
9369,1000,5,2322,0,0,0,32
9411,1000,5,2327,0,0,0,31
9455,1000,5,2332,0,0,0,31
9498,1000,5,2337,0,0,0,32
9542,1000,5,2342,0,0,0,32
9585,1000,5,2347,0,0,0,32
9628,1000,5,2352,0,0,0,31
9672,1000,5,2357,0,0,0,32
9715,1000,5,2362,0,0,0,32
9759,1000,5,2367,0,0,0,32
9804,1000,5,2372,0,0,0,32
9847,1000,5,2377,0,0,0,32
9892,1000,5,2382,0,0,0,33
9936,1000,5,2387,0,0,0,32
9980,1000,5,2392,0,0,0,32
10024,1000,5,2397,0,0,0,33
10069,1000,5,2402,0,0,0,32
10113,1000,5,2407,0,0,0,33
10158,1000,5,2412,0,0,0,33
10202,1000,5,2417,0,0,0,32
10248,1000,5,2422,0,0,0,33
10293,1000,5,2427,0,0,0,33
10338,1000,5,2432,0,0,0,33
10382,1000,5,2437,0,0,0,33
10429,1000,5,2442,0,0,0,33
10473,1000,5,2447,0,0,0,33
10518,1000,5,2452,0,0,0,33
10564,1000,5,2457,0,0,0,34
10609,1000,5,2462,0,0,0,33
10656,1000,5,2467,0,0,0,34
10702,1000,5,2472,0,0,0,33
10748,1000,5,2477,0,0,0,34
10794,1000,5,2482,0,0,0,33
10840,1000,5,2487,0,0,0,34
10886,1000,5,2492,0,0,0,34
10933,1000,5,2497,0,0,0,34
10979,1000,5,2502,0,0,0,34
11025,1000,5,2507,0,0,0,34
11071,1000,5,2512,0,0,0,34
11119,1000,5,2517,0,0,0,34
11166,1000,5,2522,0,0,0,34
11212,1000,5,2527,0,0,0,34
11260,1000,5,2532,0,0,0,35
11308,1000,5,2537,0,0,0,34
11354,1000,5,2542,0,0,0,35
11401,1000,5,2547,0,0,0,35
11449,1000,5,2552,0,0,0,34
11496,1000,5,2557,0,0,0,35
11544,1000,5,2562,0,0,0,35
11593,1000,5,2567,0,0,0,35
11640,1000,5,2572,0,0,0,35
11688,1000,5,2577,0,0,0,35
11736,1000,5,2582,0,0,0,35
11784,1000,5,2587,0,0,0,35
11832,1000,5,2592,0,0,0,35
11881,1000,5,2597,0,0,0,36
11930,1000,5,2602,0,0,0,35
11977,1000,5,2607,0,0,0,36
12026,1000,5,2612,0,0,0,36
12075,1000,5,2617,0,0,0,35
12124,1000,5,2622,0,0,0,36
12173,1000,5,2627,0,0,0,36
12222,1000,5,2632,0,0,0,36
12271,1000,5,2637,0,0,0,36
12321,1000,5,2642,0,0,0,36
12370,1000,5,2647,0,0,0,36
12420,1000,5,2652,0,0,0,37
12469,1000,5,2657,0,0,0,36
12518,1000,5,2662,0,0,0,36
12568,1000,5,2667,0,0,0,36
12619,1000,5,2672,0,0,0,37
12669,1000,5,2677,0,0,0,37
12719,1000,5,2682,0,0,0,36
12768,1000,5,2687,0,0,0,37
12818,1000,5,2692,0,0,0,36
12868,1000,5,2697,0,0,0,37
12920,1000,5,2702,0,0,0,37
12970,1000,5,2707,0,0,0,37
13021,1000,5,2712,0,0,0,37
13071,1000,5,2717,0,0,0,37
13123,1000,5,2722,0,0,0,38
13173,1000,5,2727,0,0,0,37
13224,1000,5,2732,0,0,0,37
13275,1000,5,2737,0,0,0,38
13326,1000,5,2742,0,0,0,37
13378,1000,5,2747,0,0,0,38
13430,1000,5,2752,0,0,0,38
13481,1000,5,2757,0,0,0,37
13533,1000,5,2762,0,0,0,38
13584,1000,5,2767,0,0,0,38
13636,1000,5,2772,0,0,0,38
13689,1000,5,2777,0,0,0,38
13741,1000,5,2782,0,0,0,38
13792,1000,5,2787,0,0,0,38
13845,1000,5,2792,0,0,0,38
13897,1000,5,2797,0,0,0,39
13950,1000,5,2802,0,0,0,38
14003,1000,5,2807,0,0,0,39
14054,1000,5,2812,0,0,0,38
14107,1000,5,2817,0,0,0,39
14160,1000,5,2822,0,0,0,38
14213,1000,5,2827,0,0,0,39
14266,1000,5,2832,0,0,0,39
14319,1000,5,2837,0,0,0,39
14372,1000,5,2842,0,0,0,39
14427,1000,5,2847,0,0,0,39
14480,1000,5,2852,0,0,0,39
14533,1000,5,2857,0,0,0,39
14587,1000,5,2862,0,0,0,39
14640,1000,5,2867,0,0,0,39
14694,1000,5,2872,0,0,0,40
14749,1000,5,2877,0,0,0,39
14803,1000,5,2882,0,0,0,40
14857,1000,5,2887,0,0,0,39
14912,1000,5,2892,0,0,0,40
14966,1000,5,2897,0,0,0,39
15020,1000,5,2902,0,0,0,40
15075,1000,5,2907,0,0,0,40
15129,1000,5,2912,0,0,0,40
15183,1000,5,2917,0,0,0,40
15239,1000,5,2922,0,0,0,40
15293,1000,5,2927,0,0,0,40
15349,1000,5,2932,0,0,0,41
15403,1000,5,2937,0,0,0,40
15459,1000,5,2942,0,0,0,40
15515,1000,5,2947,0,0,0,41
15569,1000,5,2952,0,0,0,40
15625,1000,5,2957,0,0,0,41
15681,1000,5,2962,0,0,0,40
15736,1000,5,2967,0,0,0,41
15792,1000,5,2972,0,0,0,41
15849,1000,5,2977,0,0,0,41
15905,1000,5,2982,0,0,0,41
15960,1000,5,2987,0,0,0,41
16016,1000,5,2992,0,0,0,41
16073,1000,5,2997,0,0,0,41
16130,1000,5,3002,0,0,0,41
16186,1000,5,3007,0,0,0,42
16243,1000,5,3012,0,0,0,41
16299,1000,5,3017,0,0,0,41
16356,1000,5,3022,0,0,0,42
16413,1000,5,3027,0,0,0,41
16470,1000,5,3032,0,0,0,42
16527,1000,5,3037,0,0,0,42
16584,1000,5,3042,0,0,0,42
16642,1000,5,3047,0,0,0,41
16699,1000,5,3052,0,0,0,42
16756,1000,5,3057,0,0,0,43
16815,1000,5,3062,0,0,0,42
16872,1000,5,3067,0,0,0,42
16930,1000,5,3072,0,0,0,42
16987,1000,5,3077,0,0,0,42
17046,1000,5,3082,0,0,0,43
17104,1000,5,3087,0,0,0,42
17161,1000,5,3092,0,0,0,43
17221,1000,5,3097,0,0,0,42
17280,1000,5,3102,0,0,0,43
17337,1000,5,3107,0,0,0,42
17396,1000,5,3112,0,0,0,43
17455,1000,5,3117,0,0,0,43
17513,1000,5,3122,0,0,0,43
17572,1000,5,3127,0,0,0,43
17631,1000,5,3132,0,0,0,43
17690,1000,5,3137,0,0,0,43
17750,1000,5,3142,0,0,0,44
17809,1000,5,3147,0,0,0,43
17868,1000,5,3152,0,0,0,43
17928,1000,5,3157,0,0,0,44
17987,1000,5,3162,0,0,0,43
18047,1000,5,3167,0,0,0,43
18107,1000,5,3172,0,0,0,44
18167,1000,5,3177,0,0,0,44
18226,1000,5,3182,0,0,0,43
18286,1000,5,3187,0,0,0,45
18346,1000,5,3192,0,0,0,43
18407,1000,5,3197,0,0,0,44
18467,1000,5,3202,0,0,0,45
18528,1000,5,3207,0,0,0,43
18588,1000,5,3212,0,0,0,45
18649,1000,5,3217,0,0,0,44
18710,1000,5,3222,0,0,0,44
18770,1000,5,3227,0,0,0,45
18832,1000,5,3232,0,0,0,44
18892,1000,5,3237,0,0,0,45
18953,1000,5,3242,0,0,0,44
19014,1000,5,3247,0,0,0,45
19077,1000,5,3252,0,0,0,45
19138,1000,5,3257,0,0,0,45
19199,1000,5,3262,0,0,0,45
19260,1000,5,3267,0,0,0,44
19323,1000,5,3272,0,0,0,46
19384,1000,5,3277,0,0,0,45
19446,1000,5,3282,0,0,0,45
19507,1000,5,3287,0,0,0,45
19570,1000,5,3292,0,0,0,46
19632,1000,5,3297,0,0,0,45
19695,1000,5,3302,0,0,0,45
19757,1000,5,3307,0,0,0,46
19820,1000,5,3312,0,0,0,45
19882,1000,5,3317,0,0,0,46
19945,1000,5,3322,0,0,0,46
20007,1000,5,3327,0,0,0,45
20070,1000,5,3332,0,0,0,47
20134,1000,5,3337,0,0,0,45
20196,1000,5,3342,0,0,0,46
20260,1000,5,3347,0,0,0,47
20323,1000,5,3352,0,0,0,46
20386,1000,5,3357,0,0,0,46
20449,1000,5,3362,0,0,0,47
20514,1000,5,3367,0,0,0,46
20577,1000,5,3372,0,0,0,47
20640,1000,5,3377,0,0,0,46
20706,1000,5,3382,0,0,0,47
20768,1000,5,3387,0,0,0,47
20833,1000,5,3392,0,0,0,46
20897,1000,5,3397,0,0,0,47
20961,1000,5,3402,0,0,0,47
21026,1000,5,3407,0,0,0,47
21090,1000,5,3412,0,0,0,47
21154,1000,5,3417,0,0,0,47
21219,1000,5,3422,0,0,0,48
21284,1000,5,3427,0,0,0,47
21348,1000,5,3432,0,0,0,47
21413,1000,5,3437,0,0,0,48
21479,1000,5,3442,0,0,0,47
21544,1000,5,3447,0,0,0,48
21609,1000,5,3452,0,0,0,48
21676,1000,5,3457,0,0,0,47
21741,1000,5,3462,0,0,0,48
21806,1000,5,3467,0,0,0,48
21871,1000,5,3472,0,0,0,48
21938,1000,5,3477,0,0,0,48
22003,1000,5,3482,0,0,0,48
22070,1000,5,3487,0,0,0,48
22135,1000,5,3492,0,0,0,48
22201,1000,5,3497,0,0,0,49
-2224,1000,5,3502,0,0,0,-3271
-2217,1000,5,3507,0,0,0,48
-2211,1000,5,3512,0,0,0,49
-2204,1000,5,3517,0,0,0,48
-2197,1000,5,3522,0,0,0,49
-2191,1000,5,3527,0,0,0,49
-2184,1000,5,3532,0,0,0,49
-2177,1000,5,3537,0,0,0,49
-2171,1000,5,3542,0,0,0,49
-2164,1000,5,3547,0,0,0,48
-2157,1000,5,3552,0,0,0,49
-2150,1000,5,3557,0,0,0,50
-2143,1000,5,3562,0,0,0,49
-2137,1000,5,3567,0,0,0,49
-2130,1000,5,3572,0,0,0,50
-2123,1000,5,3577,0,0,0,49
-2116,1000,5,3582,0,0,0,50
-2110,1000,5,3587,0,0,0,49
-2103,1000,5,3592,0,0,0,50
-2096,1000,5,3597,0,0,0,49
-2089,1000,5,3602,0,0,0,50
-2082,1000,5,3607,0,0,0,50
-2075,1000,5,3612,0,0,0,50
-2068,1000,5,3617,0,0,0,50
-2062,1000,5,3622,0,0,0,50
-2055,1000,5,3627,0,0,0,50
-2048,1000,5,3632,0,0,0,50
-2041,1000,5,3637,0,0,0,51
-2034,1000,5,3642,0,0,0,50
-2027,1000,5,3647,0,0,0,50
-2020,1000,5,3652,0,0,0,51
-2013,1000,5,3657,0,0,0,50
-2006,1000,5,3662,0,0,0,51
-1999,1000,5,3667,0,0,0,51
-1992,1000,5,3672,0,0,0,50
-1985,1000,5,3677,0,0,0,51
-1978,1000,5,3682,0,0,0,51
-1971,1000,5,3687,0,0,0,51
-1964,1000,5,3692,0,0,0,51
-1957,1000,5,3697,0,0,0,51
-1950,1000,5,3702,0,0,0,51
-1943,1000,5,3707,0,0,0,52
-1936,1000,5,3712,0,0,0,51
-1929,1000,5,3717,0,0,0,52
-1922,1000,5,3722,0,0,0,51
-1915,1000,5,3727,0,0,0,52
-1908,1000,5,3732,0,0,0,51
-1901,1000,5,3737,0,0,0,52
-1893,1000,5,3742,0,0,0,52
-1886,1000,5,3747,0,0,0,52
-1879,1000,5,3752,0,0,0,51
-1872,1000,5,3757,0,0,0,52
-1865,1000,5,3762,0,0,0,52
-1858,1000,5,3767,0,0,0,53
-1850,1000,5,3772,0,0,0,52
-1843,1000,5,3777,0,0,0,52
-1836,1000,5,3782,0,0,0,52
-1829,1000,5,3787,0,0,0,53
-1822,1000,5,3792,0,0,0,52
-1814,1000,5,3797,0,0,0,52
-1807,1000,5,3802,0,0,0,53
-1800,1000,5,3807,0,0,0,53
-1793,1000,5,3812,0,0,0,52
-1785,1000,5,3817,0,0,0,53
-1778,1000,5,3822,0,0,0,53
-1771,1000,5,3827,0,0,0,53
-1764,1000,5,3832,0,0,0,53
-1756,1000,5,3837,0,0,0,53
-1749,1000,5,3842,0,0,0,54
-1742,1000,5,3847,0,0,0,53
-1734,1000,5,3852,0,0,0,53
-1727,1000,5,3857,0,0,0,54
-1719,1000,5,3862,0,0,0,53
-1712,1000,5,3867,0,0,0,54
-1705,1000,5,3872,0,0,0,53
-1697,1000,5,3877,0,0,0,54
-1690,1000,5,3882,0,0,0,54
-1683,1000,5,3887,0,0,0,54
-1675,1000,5,3892,0,0,0,54
-1668,1000,5,3897,0,0,0,54
-1660,1000,5,3902,0,0,0,54
-1653,1000,5,3907,0,0,0,54
-1645,1000,5,3912,0,0,0,54
-1638,1000,5,3917,0,0,0,55
-1631,1000,5,3922,0,0,0,54
-1623,1000,5,3927,0,0,0,55
-1615,1000,5,3932,0,0,0,54
-1608,1000,5,3937,0,0,0,55
-1600,1000,5,3942,0,0,0,55
-1593,1000,5,3947,0,0,0,54
-1585,1000,5,3952,0,0,0,55
-1578,1000,5,3957,0,0,0,55
-1570,1000,5,3962,0,0,0,55
-1563,1000,5,3967,0,0,0,55
-1555,1000,5,3972,0,0,0,55
-1548,1000,5,3977,0,0,0,55
-1540,1000,5,3982,0,0,0,56
-1532,1000,5,3987,0,0,0,55
-1525,1000,5,3992,0,0,0,55
-1517,1000,5,3997,0,0,0,56
-1509,1000,5,4002,0,0,0,55
-1502,1000,5,4007,0,0,0,56
-1494,1000,5,4012,0,0,0,55
-1486,1000,5,4017,0,0,0,56
-1479,1000,5,4022,0,0,0,56
-1471,1000,5,4027,0,0,0,56
-1463,1000,5,4032,0,0,0,56
-1456,1000,5,4037,0,0,0,56
-1448,1000,5,4042,0,0,0,56
-1440,1000,5,4047,0,0,0,56
-1432,1000,5,4052,0,0,0,56
-1425,1000,5,4057,0,0,0,57
-1417,1000,5,4062,0,0,0,56
-1409,1000,5,4067,0,0,0,56
-1401,1000,5,4072,0,0,0,57
-1394,1000,5,4077,0,0,0,56
-1386,1000,5,4082,0,0,0,57
-1378,1000,5,4087,0,0,0,57
-1370,1000,5,4092,0,0,0,56
-1362,1000,5,4097,0,0,0,58
-1354,1000,5,4102,0,0,0,56
-1347,1000,5,4107,0,0,0,57
-1339,1000,5,4112,0,0,0,58
-1331,1000,5,4117,0,0,0,57
-1323,1000,5,4122,0,0,0,57
-1315,1000,5,4127,0,0,0,57
-1307,1000,5,4132,0,0,0,58
-1299,1000,5,4137,0,0,0,57
-1291,1000,5,4142,0,0,0,57
-1283,1000,5,4147,0,0,0,58
-1276,1000,5,4152,0,0,0,58
-1268,1000,5,4157,0,0,0,58
-1260,1000,5,4162,0,0,0,57
-1252,1000,5,4167,0,0,0,58
-1244,1000,5,4172,0,0,0,58
-1236,1000,5,4177,0,0,0,58
-1228,1000,5,4182,0,0,0,58
-1220,1000,5,4187,0,0,0,58
-1212,1000,5,4192,0,0,0,59
-1204,1000,5,4197,0,0,0,58
-1196,1000,5,4202,0,0,0,58
-1188,1000,5,4207,0,0,0,59
-1179,1000,5,4212,0,0,0,58
-1171,1000,5,4217,0,0,0,59
-1163,1000,5,4222,0,0,0,58
-1155,1000,5,4227,0,0,0,59
-1147,1000,5,4232,0,0,0,59
-1139,1000,5,4237,0,0,0,59
-1131,1000,5,4242,0,0,0,59
-1123,1000,5,4247,0,0,0,59
-1115,1000,5,4252,0,0,0,59
-1106,1000,5,4257,0,0,0,59
-1098,1000,5,4262,0,0,0,60
-1090,1000,5,4267,0,0,0,59
-1082,1000,5,4272,0,0,0,60
-1074,1000,5,4277,0,0,0,59
-1066,1000,5,4282,0,0,0,60
-1057,1000,5,4287,0,0,0,59
-1049,1000,5,4292,0,0,0,60
-1041,1000,5,4297,0,0,0,60
-1033,1000,5,4302,0,0,0,59
-1024,1000,5,4307,0,0,0,60
-1016,1000,5,4312,0,0,0,60
-1008,1000,5,4317,0,0,0,60
-1000,1000,5,4322,0,0,0,61
-9918,1000,5,4327,0,0,0,60
-9835,1000,5,4332,0,0,0,60
-9752,1000,5,4337,0,0,0,61
-9669,1000,5,4342,0,0,0,60
-9586,1000,5,4347,0,0,0,60
-9502,1000,5,4352,0,0,0,61
-9419,1000,5,4357,0,0,0,61
-9336,1000,5,4362,0,0,0,60
-9252,1000,5,4367,0,0,0,61
-9169,1000,5,4372,0,0,0,61
-9085,1000,5,4377,0,0,0,61
-9002,1000,5,4382,0,0,0,61
-8918,1000,5,4387,0,0,0,61
-8834,1000,5,4392,0,0,0,61
-8750,1000,5,4397,0,0,0,61
-8665,1000,5,4402,0,0,0,62
-8581,1000,5,4407,0,0,0,61
-8497,1000,5,4412,0,0,0,61
-8413,1000,5,4417,0,0,0,62
-8328,1000,5,4422,0,0,0,62
-8244,1000,5,4427,0,0,0,61
-8159,1000,5,4432,0,0,0,62
-8073,1000,5,4437,0,0,0,62
-7989,1000,5,4442,0,0,0,62
-7903,1000,5,4447,0,0,0,62
-7819,1000,5,4452,0,0,0,62
-7733,1000,5,4457,0,0,0,62
-7648,1000,5,4462,0,0,0,62
-7562,1000,5,4467,0,0,0,62
-7477,1000,5,4472,0,0,0,62
-7391,1000,5,4477,0,0,0,63
-7305,1000,5,4482,0,0,0,62
-7220,1000,5,4487,0,0,0,63
-7134,1000,5,4492,0,0,0,62
-7047,1000,5,4497,0,0,0,63
-6962,1000,5,4502,0,0,0,62
-6875,1000,5,4507,0,0,0,63
-6789,1000,5,4512,0,0,0,63
-6702,1000,5,4517,0,0,0,63
-6617,1000,5,4522,0,0,0,63
-6530,1000,5,4527,0,0,0,63
-6443,1000,5,4532,0,0,0,63
-6356,1000,5,4537,0,0,0,63
-6269,1000,5,4542,0,0,0,64
-6182,1000,5,4547,0,0,0,63
-6094,1000,5,4552,0,0,0,64
-6007,1000,5,4557,0,0,0,63
-5920,1000,5,4562,0,0,0,64
-5833,1000,5,4567,0,0,0,63
-5745,1000,5,4572,0,0,0,64
-5658,1000,5,4577,0,0,0,64
-5569,1000,5,4582,0,0,0,63
-5482,1000,5,4587,0,0,0,64
-5394,1000,5,4592,0,0,0,64
-5306,1000,5,4597,0,0,0,65
-5217,1000,5,4602,0,0,0,64
-5129,1000,5,4607,0,0,0,64
-5041,1000,5,4612,0,0,0,64
-4953,1000,5,4617,0,0,0,64
-4864,1000,5,4622,0,0,0,65
-4776,1000,5,4627,0,0,0,64
-4686,1000,5,4632,0,0,0,65
-4598,1000,5,4637,0,0,0,64
-4508,1000,5,4642,0,0,0,65
-4420,1000,5,4647,0,0,0,65
-4330,1000,5,4652,0,0,0,65
-4241,1000,5,4657,0,0,0,65
-4152,1000,5,4662,0,0,0,65
-4063,1000,5,4667,0,0,0,65
-3973,1000,5,4672,0,0,0,65
-3883,1000,5,4677,0,0,0,65
-3794,1000,5,4682,0,0,0,66
-3704,1000,5,4687,0,0,0,65
-3614,1000,5,4692,0,0,0,66
-3523,1000,5,4697,0,0,0,65
-3434,1000,5,4702,0,0,0,66
-3343,1000,5,4707,0,0,0,66
-3253,1000,5,4712,0,0,0,66
-3162,1000,5,4717,0,0,0,65
-3072,1000,5,4722,0,0,0,66
-2981,1000,5,4727,0,0,0,66
-2892,1000,5,4732,0,0,0,66
-2801,1000,5,4737,0,0,0,66
-2710,1000,5,4742,0,0,0,66
-2617,1000,5,4747,0,0,0,67
-2526,1000,5,4752,0,0,0,66
-2435,1000,5,4757,0,0,0,66
-2344,1000,5,4762,0,0,0,67
-2253,1000,5,4767,0,0,0,67
-2161,1000,5,4772,0,0,0,66
-2070,1000,5,4777,0,0,0,67
-1977,1000,5,4782,0,0,0,66
-1886,1000,5,4787,0,0,0,67
-1794,1000,5,4792,0,0,0,67
-1702,1000,5,4797,0,0,0,67
-1609,1000,5,4802,0,0,0,67
-1518,1000,5,4807,0,0,0,67
-1426,1000,5,4812,0,0,0,67
-1334,1000,5,4817,0,0,0,68
-1240,1000,5,4822,0,0,0,67
-1147,1000,5,4827,0,0,0,68
-1055,1000,5,4832,0,0,0,67
-963,1000,5,4837,0,0,0,67
-869,1000,5,4842,0,0,0,68
-777,1000,5,4847,0,0,0,68
-683,1000,5,4852,0,0,0,68
-590,1000,5,4857,0,0,0,67
-497,1000,5,4862,0,0,0,68
-403,1000,5,4867,0,0,0,68
-311,1000,5,4872,0,0,0,68
-216,1000,5,4877,0,0,0,68
-123,1000,5,4882,0,0,0,68
-29,1000,5,4887,0,0,0,68
63,1000,5,4892,0,0,0,68
157,1000,5,4897,0,0,0,68
251,1000,5,4902,0,0,0,69
346,1000,5,4907,0,0,0,68
440,1000,5,4912,0,0,0,69
535,1000,5,4917,0,0,0,69
630,1000,5,4922,0,0,0,68
724,1000,5,4927,0,0,0,69
819,1000,5,4932,0,0,0,69
914,1000,5,4937,0,0,0,69
1009,1000,5,4942,0,0,0,69
1104,1000,5,4947,0,0,0,69
1199,1000,5,4952,0,0,0,69
1294,1000,5,4957,0,0,0,69
1391,1000,5,4962,0,0,0,70
1486,1000,5,4967,0,0,0,69
1581,1000,5,4972,0,0,0,70
1677,1000,5,4977,0,0,0,69
1772,1000,5,4982,0,0,0,70
1869,1000,5,4987,0,0,0,69
1965,1000,5,4992,0,0,0,70
2062,1000,5,4997,0,0,0,70
2157,1000,5,5002,0,0,0,70
2255,1000,5,5007,0,0,0,70
2350,1000,5,5012,0,0,0,70
2448,1000,5,5017,0,0,0,70
2544,1000,5,5022,0,0,0,70
2640,1000,5,5027,0,0,0,70
2737,1000,5,5032,0,0,0,71
2835,1000,5,5037,0,0,0,70
2931,1000,5,5042,0,0,0,71
3028,1000,5,5047,0,0,0,70
3125,1000,5,5052,0,0,0,71
3223,1000,5,5057,0,0,0,70
3320,1000,5,5062,0,0,0,71
3417,1000,5,5067,0,0,0,71
3515,1000,5,5072,0,0,0,71
3613,1000,5,5077,0,0,0,71
3711,1000,5,5082,0,0,0,71
3809,1000,5,5087,0,0,0,71
3907,1000,5,5092,0,0,0,71
4006,1000,5,5097,0,0,0,72
4104,1000,5,5102,0,0,0,71
4201,1000,5,5107,0,0,0,71
4300,1000,5,5112,0,0,0,72
4398,1000,5,5117,0,0,0,71
4497,1000,5,5122,0,0,0,72
4597,1000,5,5127,0,0,0,72
4696,1000,5,5132,0,0,0,72
4794,1000,5,5137,0,0,0,72
4893,1000,5,5142,0,0,0,72
4993,1000,5,5147,0,0,0,72
5091,1000,5,5152,0,0,0,72
5192,1000,5,5157,0,0,0,72
5291,1000,5,5162,0,0,0,72
5390,1000,5,5167,0,0,0,73
5491,1000,5,5172,0,0,0,72
5590,1000,5,5177,0,0,0,73
5690,1000,5,5182,0,0,0,72
5789,1000,5,5187,0,0,0,73
5890,1000,5,5192,0,0,0,72
5990,1000,5,5197,0,0,0,73
6091,1000,5,5202,0,0,0,73
6192,1000,5,5207,0,0,0,73
6291,1000,5,5212,0,0,0,73
6393,1000,5,5217,0,0,0,73
6493,1000,5,5222,0,0,0,73
6594,1000,5,5227,0,0,0,73
6694,1000,5,5232,0,0,0,73
6796,1000,5,5237,0,0,0,74
6897,1000,5,5242,0,0,0,73
6997,1000,5,5247,0,0,0,73
7099,1000,5,5252,0,0,0,74
7201,1000,5,5257,0,0,0,74
7303,1000,5,5262,0,0,0,73
7403,1000,5,5267,0,0,0,74
7505,1000,5,5272,0,0,0,74
7607,1000,5,5277,0,0,0,74
7709,1000,5,5282,0,0,0,74
7811,1000,5,5287,0,0,0,74
7913,1000,5,5292,0,0,0,74
8016,1000,5,5297,0,0,0,74
8118,1000,5,5302,0,0,0,74
8220,1000,5,5307,0,0,0,75
8323,1000,5,5312,0,0,0,74
8425,1000,5,5317,0,0,0,74
8528,1000,5,5322,0,0,0,75
8631,1000,5,5327,0,0,0,74
8733,1000,5,5332,0,0,0,75
8836,1000,5,5337,0,0,0,75
8940,1000,5,5342,0,0,0,75
9043,1000,5,5347,0,0,0,74
9146,1000,5,5352,0,0,0,75
9249,1000,5,5357,0,0,0,75
9353,1000,5,5362,0,0,0,76
9457,1000,5,5367,0,0,0,75
9561,1000,5,5372,0,0,0,75
